{"type":"group","tags":[],"content":[{"type":"item","tags":["part:{\"BOMitemName\":\"400 Watt Solar Pannel\",\"numberNeeded\":1,\"costUSD\":312,\"source\":\"https://www.ecodirect.com/Canadian-Solar-CS1Y-400W-All-Black-Solar-Panel-p/canadian-solar-cs1y-400m5.htm\",\"totalNeeded\":1,\"radius\":0.015384615384615385}"],"matrix":[1,0,0,0,0,0.9395973154362416,0.3422818791946308,0,0,-0.3422818791946308,0.9395973154362416,0,19.5,30.53691275167785,11.124161073825503,1,"1","0","0","39/2","0","140/149","-51/149","4550/149","0","51/149","140/149","3315/298","1"],"content":[{"type":"group","tags":[],"matrix":[1,0,0,0,0,0.9395973154362416,0.3422818791946308,0,0,-0.3422818791946308,0.9395973154362416,0,19.5,30.53691275167785,11.124161073825503,1,"1","0","0","39/2","0","140/149","-51/149","4550/149","0","51/149","140/149","3315/298","1"],"content":[{"type":"graph","tags":["color:#bababa"],"graph":{"isClosed":true,"isEmpty":false,"isLazy":true,"provenance":"algorithm/cgal/fromSurfaceMeshToLazyGraph","serializedSurfaceMesh":"20\n-39/2 65/2 0\n-39/2 -65/2 0\n39/2 -65/2 0\n39/2 65/2 0\n-39/2 65/2 3/2\n-39/2 -65/2 3/2\n39/2 -65/2 3/2\n39/2 65/2 3/2\n37/2 -185/6 3/2\n-37/2 185/6 3/2\n-37/2 185/6 0\n37/2 -185/6 0\n-37/2 31 3/2\n37/2 31 3/2\n-37/2 -31 3/2\n37/2 -31 3/2\n-37/2 31 0\n37/2 31 0\n-37/2 -31 0\n37/2 -31 0\n\n40\n3 0 10 1\n3 2 11 3\n3 15 5 6\n3 13 7 4\n3 5 4 1\n3 0 1 4\n3 6 5 2\n3 1 2 5\n3 7 6 3\n3 2 3 6\n3 4 7 0\n3 3 0 7\n3 8 7 13\n3 6 7 8\n3 4 12 13\n3 4 9 12\n3 17 15 8\n3 18 12 9\n3 15 17 11\n3 9 5 14\n3 4 5 9\n3 12 18 10\n3 5 15 14\n3 6 8 15\n3 16 17 13\n3 13 12 16\n3 11 19 15\n3 17 3 11\n3 16 3 17\n3 0 16 10\n3 0 3 16\n3 8 13 17\n3 19 18 14\n3 14 15 19\n3 18 1 10\n3 2 1 18\n3 19 2 18\n3 11 2 19\n3 10 16 12\n3 9 14 18\n","hash":"JHvH96jDGAfcr/ovrcW0A6qQaXtrLoziIHcmYN2nfx0="},"matrix":[1,0,0,0,0,0.9395973154362416,0.3422818791946308,0,0,-0.3422818791946308,0.9395973154362416,0,19.5,30.53691275167785,11.124161073825503,1,"1","0","0","39/2","0","140/149","-51/149","4550/149","0","51/149","140/149","3315/298","1"],"provenance":"geometry/graph/cut","hash":"kibcuLRlQ6jJ79qisav5h9NONKtM/ZFDlBMmnKEKy9Q=","cache":{"triangles":{"type":"triangles","tags":["color:#bababa"],"matrix":[1,0,0,0,0,0.9395973154362416,0.3422818791946308,0,0,-0.3422818791946308,0.9395973154362416,0,19.5,30.53691275167785,11.124161073825503,1,"1","0","0","39/2","0","140/149","-51/149","4550/149","0","51/149","140/149","3315/298","1"],"triangles":[[[-19.5,32.5,0],[-18.5,30.833333333333332,0],[-19.5,-32.5,0]],[[19.5,-32.5,0],[18.5,-30.833333333333332,0],[19.5,32.5,0]],[[18.5,-31,1.5],[-19.5,-32.5,1.5],[19.5,-32.5,1.5]],[[18.5,31,1.5],[19.5,32.5,1.5],[-19.5,32.5,1.5]],[[-19.5,-32.5,1.5],[-19.5,32.5,1.5],[-19.5,-32.5,0]],[[-19.5,32.5,0],[-19.5,-32.5,0],[-19.5,32.5,1.5]],[[19.5,-32.5,1.5],[-19.5,-32.5,1.5],[19.5,-32.5,0]],[[-19.5,-32.5,0],[19.5,-32.5,0],[-19.5,-32.5,1.5]],[[19.5,32.5,1.5],[19.5,-32.5,1.5],[19.5,32.5,0]],[[19.5,-32.5,0],[19.5,32.5,0],[19.5,-32.5,1.5]],[[-19.5,32.5,1.5],[19.5,32.5,1.5],[-19.5,32.5,0]],[[19.5,32.5,0],[-19.5,32.5,0],[19.5,32.5,1.5]],[[18.5,-30.833333333333332,1.5],[19.5,32.5,1.5],[18.5,31,1.5]],[[19.5,-32.5,1.5],[19.5,32.5,1.5],[18.5,-30.833333333333332,1.5]],[[-19.5,32.5,1.5],[-18.5,31,1.5],[18.5,31,1.5]],[[-19.5,32.5,1.5],[-18.5,30.833333333333332,1.5],[-18.5,31,1.5]],[[18.5,31,0],[18.5,-31,1.5],[18.5,-30.833333333333332,1.5]],[[-18.5,-31,0],[-18.5,31,1.5],[-18.5,30.833333333333332,1.5]],[[18.5,-31,1.5],[18.5,31,0],[18.5,-30.833333333333332,0]],[[-18.5,30.833333333333332,1.5],[-19.5,-32.5,1.5],[-18.5,-31,1.5]],[[-19.5,32.5,1.5],[-19.5,-32.5,1.5],[-18.5,30.833333333333332,1.5]],[[-18.5,31,1.5],[-18.5,-31,0],[-18.5,30.833333333333332,0]],[[-19.5,-32.5,1.5],[18.5,-31,1.5],[-18.5,-31,1.5]],[[19.5,-32.5,1.5],[18.5,-30.833333333333332,1.5],[18.5,-31,1.5]],[[-18.5,31,0],[18.5,31,0],[18.5,31,1.5]],[[18.5,31,1.5],[-18.5,31,1.5],[-18.5,31,0]],[[18.5,-30.833333333333332,0],[18.5,-31,0],[18.5,-31,1.5]],[[18.5,31,0],[19.5,32.5,0],[18.5,-30.833333333333332,0]],[[-18.5,31,0],[19.5,32.5,0],[18.5,31,0]],[[-19.5,32.5,0],[-18.5,31,0],[-18.5,30.833333333333332,0]],[[-19.5,32.5,0],[19.5,32.5,0],[-18.5,31,0]],[[18.5,-30.833333333333332,1.5],[18.5,31,1.5],[18.5,31,0]],[[18.5,-31,0],[-18.5,-31,0],[-18.5,-31,1.5]],[[-18.5,-31,1.5],[18.5,-31,1.5],[18.5,-31,0]],[[-18.5,-31,0],[-19.5,-32.5,0],[-18.5,30.833333333333332,0]],[[19.5,-32.5,0],[-19.5,-32.5,0],[-18.5,-31,0]],[[18.5,-31,0],[19.5,-32.5,0],[-18.5,-31,0]],[[18.5,-30.833333333333332,0],[19.5,-32.5,0],[18.5,-31,0]],[[-18.5,30.833333333333332,0],[-18.5,31,0],[-18.5,31,1.5]],[[-18.5,30.833333333333332,1.5],[-18.5,-31,1.5],[-18.5,-31,0]]]},"boundingBox":[[-1.0658141036401504e-14,-0.5134228187919626,-5.329070518200752e-15],[39.00000000000002,61.07382550335573,23.65771812080538]]}},{"type":"graph","tags":["color:#3c3c3c"],"graph":{"isClosed":true,"isEmpty":false,"isLazy":true,"provenance":"algorithm/cgal/fromSurfaceMeshToLazyGraph","serializedSurfaceMesh":"8\n-37/2 31 0\n-37/2 -31 0\n37/2 -31 0\n37/2 31 0\n-37/2 31 3/2\n-37/2 -31 3/2\n37/2 -31 3/2\n37/2 31 3/2\n\n12\n3 1 0 2\n3 3 2 0\n3 4 5 6\n3 6 7 4\n3 4 1 5\n3 1 4 0\n3 5 2 6\n3 2 5 1\n3 6 3 7\n3 3 6 2\n3 7 0 4\n3 0 7 3\n","hash":"pxzkSSJs3udTspfCDUvepIIakEX7ruEY91f0/Pakvws="},"matrix":[1,0,0,0,0,0.9395973154362416,0.3422818791946308,0,0,-0.3422818791946308,0.9395973154362416,0,19.5,30.53691275167785,11.124161073825503,1,"1","0","0","39/2","0","140/149","-51/149","4550/149","0","51/149","140/149","3315/298","1"],"hash":"Fh2U/YvE0GVsvEdzAIgjs6FqfxisG8BF+JQAdHXZRgc=","cache":{"triangles":{"type":"triangles","tags":["color:#3c3c3c"],"matrix":[1,0,0,0,0,0.9395973154362416,0.3422818791946308,0,0,-0.3422818791946308,0.9395973154362416,0,19.5,30.53691275167785,11.124161073825503,1,"1","0","0","39/2","0","140/149","-51/149","4550/149","0","51/149","140/149","3315/298","1"],"triangles":[[[-18.5,-31,0],[-18.5,31,0],[18.5,-31,0]],[[18.5,31,0],[18.5,-31,0],[-18.5,31,0]],[[-18.5,31,1.5],[-18.5,-31,1.5],[18.5,-31,1.5]],[[18.5,-31,1.5],[18.5,31,1.5],[-18.5,31,1.5]],[[-18.5,31,1.5],[-18.5,-31,0],[-18.5,-31,1.5]],[[-18.5,-31,0],[-18.5,31,1.5],[-18.5,31,0]],[[-18.5,-31,1.5],[18.5,-31,0],[18.5,-31,1.5]],[[18.5,-31,0],[-18.5,-31,1.5],[-18.5,-31,0]],[[18.5,-31,1.5],[18.5,31,0],[18.5,31,1.5]],[[18.5,31,0],[18.5,-31,1.5],[18.5,-31,0]],[[18.5,31,1.5],[-18.5,31,0],[-18.5,31,1.5]],[[-18.5,31,0],[18.5,31,1.5],[18.5,31,0]]]},"boundingBox":[[0.9999999999999892,0.8959731543624015,0.5134228187919411],[38.00000000000002,59.66442953020137,23.144295302013433]]}}],"hash":"MUkOzWdIHSE2Tq/HiDPdjkOGUaupX07/KyN3I0QWa7U="}],"hash":"cS+eIAfpkjTpDUbrlXfna0/uCk2OvC3C2WT8t5rs/mQ="},{"type":"item","tags":["part:{\"BOMitemName\":\"400 Watt Solar Pannel\",\"numberNeeded\":1,\"costUSD\":312,\"source\":\"https://www.ecodirect.com/Canadian-Solar-CS1Y-400W-All-Black-Solar-Panel-p/canadian-solar-cs1y-400m5.htm\",\"totalNeeded\":1,\"radius\":0.015384615384615385}"],"matrix":[1,0,0,0,0,0.9395973154362416,0.3422818791946308,0,0,-0.3422818791946308,0.9395973154362416,0,59.5,30.53691275167785,11.124161073825503,1,"1","0","0","119/2","0","140/149","-51/149","4550/149","0","51/149","140/149","3315/298","1"],"content":[{"type":"group","tags":[],"matrix":[1,0,0,0,0,0.9395973154362416,0.3422818791946308,0,0,-0.3422818791946308,0.9395973154362416,0,59.5,30.53691275167785,11.124161073825503,1,"1","0","0","119/2","0","140/149","-51/149","4550/149","0","51/149","140/149","3315/298","1"],"content":[{"type":"graph","tags":["color:#bababa"],"graph":{"isClosed":true,"isEmpty":false,"isLazy":true,"provenance":"algorithm/cgal/fromSurfaceMeshToLazyGraph","serializedSurfaceMesh":"20\n-39/2 65/2 0\n-39/2 -65/2 0\n39/2 -65/2 0\n39/2 65/2 0\n-39/2 65/2 3/2\n-39/2 -65/2 3/2\n39/2 -65/2 3/2\n39/2 65/2 3/2\n37/2 -185/6 3/2\n-37/2 185/6 3/2\n-37/2 185/6 0\n37/2 -185/6 0\n-37/2 31 3/2\n37/2 31 3/2\n-37/2 -31 3/2\n37/2 -31 3/2\n-37/2 31 0\n37/2 31 0\n-37/2 -31 0\n37/2 -31 0\n\n40\n3 0 10 1\n3 2 11 3\n3 15 5 6\n3 13 7 4\n3 5 4 1\n3 0 1 4\n3 6 5 2\n3 1 2 5\n3 7 6 3\n3 2 3 6\n3 4 7 0\n3 3 0 7\n3 8 7 13\n3 6 7 8\n3 4 12 13\n3 4 9 12\n3 17 15 8\n3 18 12 9\n3 15 17 11\n3 9 5 14\n3 4 5 9\n3 12 18 10\n3 5 15 14\n3 6 8 15\n3 16 17 13\n3 13 12 16\n3 11 19 15\n3 17 3 11\n3 16 3 17\n3 0 16 10\n3 0 3 16\n3 8 13 17\n3 19 18 14\n3 14 15 19\n3 18 1 10\n3 2 1 18\n3 19 2 18\n3 11 2 19\n3 10 16 12\n3 9 14 18\n","hash":"JHvH96jDGAfcr/ovrcW0A6qQaXtrLoziIHcmYN2nfx0="},"matrix":[1,0,0,0,0,0.9395973154362416,0.3422818791946308,0,0,-0.3422818791946308,0.9395973154362416,0,59.5,30.53691275167785,11.124161073825503,1,"1","0","0","119/2","0","140/149","-51/149","4550/149","0","51/149","140/149","3315/298","1"],"provenance":"geometry/graph/cut","hash":"GeHd7fkomCOjTn7H17NjZ7ycf8g2+hROnw3bZ1QG7EI=","cache":{"triangles":{"type":"triangles","tags":["color:#bababa"],"matrix":[1,0,0,0,0,0.9395973154362416,0.3422818791946308,0,0,-0.3422818791946308,0.9395973154362416,0,59.5,30.53691275167785,11.124161073825503,1,"1","0","0","119/2","0","140/149","-51/149","4550/149","0","51/149","140/149","3315/298","1"],"triangles":[[[-19.5,32.5,0],[-18.5,30.833333333333332,0],[-19.5,-32.5,0]],[[19.5,-32.5,0],[18.5,-30.833333333333332,0],[19.5,32.5,0]],[[18.5,-31,1.5],[-19.5,-32.5,1.5],[19.5,-32.5,1.5]],[[18.5,31,1.5],[19.5,32.5,1.5],[-19.5,32.5,1.5]],[[-19.5,-32.5,1.5],[-19.5,32.5,1.5],[-19.5,-32.5,0]],[[-19.5,32.5,0],[-19.5,-32.5,0],[-19.5,32.5,1.5]],[[19.5,-32.5,1.5],[-19.5,-32.5,1.5],[19.5,-32.5,0]],[[-19.5,-32.5,0],[19.5,-32.5,0],[-19.5,-32.5,1.5]],[[19.5,32.5,1.5],[19.5,-32.5,1.5],[19.5,32.5,0]],[[19.5,-32.5,0],[19.5,32.5,0],[19.5,-32.5,1.5]],[[-19.5,32.5,1.5],[19.5,32.5,1.5],[-19.5,32.5,0]],[[19.5,32.5,0],[-19.5,32.5,0],[19.5,32.5,1.5]],[[18.5,-30.833333333333332,1.5],[19.5,32.5,1.5],[18.5,31,1.5]],[[19.5,-32.5,1.5],[19.5,32.5,1.5],[18.5,-30.833333333333332,1.5]],[[-19.5,32.5,1.5],[-18.5,31,1.5],[18.5,31,1.5]],[[-19.5,32.5,1.5],[-18.5,30.833333333333332,1.5],[-18.5,31,1.5]],[[18.5,31,0],[18.5,-31,1.5],[18.5,-30.833333333333332,1.5]],[[-18.5,-31,0],[-18.5,31,1.5],[-18.5,30.833333333333332,1.5]],[[18.5,-31,1.5],[18.5,31,0],[18.5,-30.833333333333332,0]],[[-18.5,30.833333333333332,1.5],[-19.5,-32.5,1.5],[-18.5,-31,1.5]],[[-19.5,32.5,1.5],[-19.5,-32.5,1.5],[-18.5,30.833333333333332,1.5]],[[-18.5,31,1.5],[-18.5,-31,0],[-18.5,30.833333333333332,0]],[[-19.5,-32.5,1.5],[18.5,-31,1.5],[-18.5,-31,1.5]],[[19.5,-32.5,1.5],[18.5,-30.833333333333332,1.5],[18.5,-31,1.5]],[[-18.5,31,0],[18.5,31,0],[18.5,31,1.5]],[[18.5,31,1.5],[-18.5,31,1.5],[-18.5,31,0]],[[18.5,-30.833333333333332,0],[18.5,-31,0],[18.5,-31,1.5]],[[18.5,31,0],[19.5,32.5,0],[18.5,-30.833333333333332,0]],[[-18.5,31,0],[19.5,32.5,0],[18.5,31,0]],[[-19.5,32.5,0],[-18.5,31,0],[-18.5,30.833333333333332,0]],[[-19.5,32.5,0],[19.5,32.5,0],[-18.5,31,0]],[[18.5,-30.833333333333332,1.5],[18.5,31,1.5],[18.5,31,0]],[[18.5,-31,0],[-18.5,-31,0],[-18.5,-31,1.5]],[[-18.5,-31,1.5],[18.5,-31,1.5],[18.5,-31,0]],[[-18.5,-31,0],[-19.5,-32.5,0],[-18.5,30.833333333333332,0]],[[19.5,-32.5,0],[-19.5,-32.5,0],[-18.5,-31,0]],[[18.5,-31,0],[19.5,-32.5,0],[-18.5,-31,0]],[[18.5,-30.833333333333332,0],[19.5,-32.5,0],[18.5,-31,0]],[[-18.5,30.833333333333332,0],[-18.5,31,0],[-18.5,31,1.5]],[[-18.5,30.833333333333332,1.5],[-18.5,-31,1.5],[-18.5,-31,0]]]},"boundingBox":[[39.99999999999998,-0.5134228187919626,-5.329070518200752e-15],[79.00000000000003,61.07382550335573,23.65771812080538]]}},{"type":"graph","tags":["color:#3c3c3c"],"graph":{"isClosed":true,"isEmpty":false,"isLazy":true,"provenance":"algorithm/cgal/fromSurfaceMeshToLazyGraph","serializedSurfaceMesh":"8\n-37/2 31 0\n-37/2 -31 0\n37/2 -31 0\n37/2 31 0\n-37/2 31 3/2\n-37/2 -31 3/2\n37/2 -31 3/2\n37/2 31 3/2\n\n12\n3 1 0 2\n3 3 2 0\n3 4 5 6\n3 6 7 4\n3 4 1 5\n3 1 4 0\n3 5 2 6\n3 2 5 1\n3 6 3 7\n3 3 6 2\n3 7 0 4\n3 0 7 3\n","hash":"pxzkSSJs3udTspfCDUvepIIakEX7ruEY91f0/Pakvws="},"matrix":[1,0,0,0,0,0.9395973154362416,0.3422818791946308,0,0,-0.3422818791946308,0.9395973154362416,0,59.5,30.53691275167785,11.124161073825503,1,"1","0","0","119/2","0","140/149","-51/149","4550/149","0","51/149","140/149","3315/298","1"],"hash":"45b3aW9FjJ6cf86lhQxhUpYbB2FHplO61MqiG8bjds8=","cache":{"triangles":{"type":"triangles","tags":["color:#3c3c3c"],"matrix":[1,0,0,0,0,0.9395973154362416,0.3422818791946308,0,0,-0.3422818791946308,0.9395973154362416,0,59.5,30.53691275167785,11.124161073825503,1,"1","0","0","119/2","0","140/149","-51/149","4550/149","0","51/149","140/149","3315/298","1"],"triangles":[[[-18.5,-31,0],[-18.5,31,0],[18.5,-31,0]],[[18.5,31,0],[18.5,-31,0],[-18.5,31,0]],[[-18.5,31,1.5],[-18.5,-31,1.5],[18.5,-31,1.5]],[[18.5,-31,1.5],[18.5,31,1.5],[-18.5,31,1.5]],[[-18.5,31,1.5],[-18.5,-31,0],[-18.5,-31,1.5]],[[-18.5,-31,0],[-18.5,31,1.5],[-18.5,31,0]],[[-18.5,-31,1.5],[18.5,-31,0],[18.5,-31,1.5]],[[18.5,-31,0],[-18.5,-31,1.5],[-18.5,-31,0]],[[18.5,-31,1.5],[18.5,31,0],[18.5,31,1.5]],[[18.5,31,0],[18.5,-31,1.5],[18.5,-31,0]],[[18.5,31,1.5],[-18.5,31,0],[-18.5,31,1.5]],[[-18.5,31,0],[18.5,31,1.5],[18.5,31,0]]]},"boundingBox":[[40.99999999999998,0.8959731543624015,0.5134228187919411],[78.00000000000003,59.66442953020137,23.144295302013433]]}}],"hash":"I1Wb/dPae2g0DKZFch4j2rsj4QWhrFW0azYkug5zFh8="}],"hash":"/Yaf1HW6O8gik48sLykQgO80AHsoLmb/3OHi7dRe+gs="},{"type":"item","tags":["part:{\"BOMitemName\":\"400 Watt Solar Pannel\",\"numberNeeded\":1,\"costUSD\":312,\"source\":\"https://www.ecodirect.com/Canadian-Solar-CS1Y-400W-All-Black-Solar-Panel-p/canadian-solar-cs1y-400m5.htm\",\"totalNeeded\":1,\"radius\":0.015384615384615385}"],"matrix":[1,0,0,0,0,0.9395973154362416,0.3422818791946308,0,0,-0.3422818791946308,0.9395973154362416,0,99.5,30.53691275167785,11.124161073825503,1,"1","0","0","199/2","0","140/149","-51/149","4550/149","0","51/149","140/149","3315/298","1"],"content":[{"type":"group","tags":[],"matrix":[1,0,0,0,0,0.9395973154362416,0.3422818791946308,0,0,-0.3422818791946308,0.9395973154362416,0,99.5,30.53691275167785,11.124161073825503,1,"1","0","0","199/2","0","140/149","-51/149","4550/149","0","51/149","140/149","3315/298","1"],"content":[{"type":"graph","tags":["color:#bababa"],"graph":{"isClosed":true,"isEmpty":false,"isLazy":true,"provenance":"algorithm/cgal/fromSurfaceMeshToLazyGraph","serializedSurfaceMesh":"20\n-39/2 65/2 0\n-39/2 -65/2 0\n39/2 -65/2 0\n39/2 65/2 0\n-39/2 65/2 3/2\n-39/2 -65/2 3/2\n39/2 -65/2 3/2\n39/2 65/2 3/2\n37/2 -185/6 3/2\n-37/2 185/6 3/2\n-37/2 185/6 0\n37/2 -185/6 0\n-37/2 31 3/2\n37/2 31 3/2\n-37/2 -31 3/2\n37/2 -31 3/2\n-37/2 31 0\n37/2 31 0\n-37/2 -31 0\n37/2 -31 0\n\n40\n3 0 10 1\n3 2 11 3\n3 15 5 6\n3 13 7 4\n3 5 4 1\n3 0 1 4\n3 6 5 2\n3 1 2 5\n3 7 6 3\n3 2 3 6\n3 4 7 0\n3 3 0 7\n3 8 7 13\n3 6 7 8\n3 4 12 13\n3 4 9 12\n3 17 15 8\n3 18 12 9\n3 15 17 11\n3 9 5 14\n3 4 5 9\n3 12 18 10\n3 5 15 14\n3 6 8 15\n3 16 17 13\n3 13 12 16\n3 11 19 15\n3 17 3 11\n3 16 3 17\n3 0 16 10\n3 0 3 16\n3 8 13 17\n3 19 18 14\n3 14 15 19\n3 18 1 10\n3 2 1 18\n3 19 2 18\n3 11 2 19\n3 10 16 12\n3 9 14 18\n","hash":"JHvH96jDGAfcr/ovrcW0A6qQaXtrLoziIHcmYN2nfx0="},"matrix":[1,0,0,0,0,0.9395973154362416,0.3422818791946308,0,0,-0.3422818791946308,0.9395973154362416,0,99.5,30.53691275167785,11.124161073825503,1,"1","0","0","199/2","0","140/149","-51/149","4550/149","0","51/149","140/149","3315/298","1"],"provenance":"geometry/graph/cut","hash":"Z5dQE7h6AquFMeLiny/5BadlHa4q4iAuIOon9ANZdSQ=","cache":{"triangles":{"type":"triangles","tags":["color:#bababa"],"matrix":[1,0,0,0,0,0.9395973154362416,0.3422818791946308,0,0,-0.3422818791946308,0.9395973154362416,0,99.5,30.53691275167785,11.124161073825503,1,"1","0","0","199/2","0","140/149","-51/149","4550/149","0","51/149","140/149","3315/298","1"],"triangles":[[[-19.5,32.5,0],[-18.5,30.833333333333332,0],[-19.5,-32.5,0]],[[19.5,-32.5,0],[18.5,-30.833333333333332,0],[19.5,32.5,0]],[[18.5,-31,1.5],[-19.5,-32.5,1.5],[19.5,-32.5,1.5]],[[18.5,31,1.5],[19.5,32.5,1.5],[-19.5,32.5,1.5]],[[-19.5,-32.5,1.5],[-19.5,32.5,1.5],[-19.5,-32.5,0]],[[-19.5,32.5,0],[-19.5,-32.5,0],[-19.5,32.5,1.5]],[[19.5,-32.5,1.5],[-19.5,-32.5,1.5],[19.5,-32.5,0]],[[-19.5,-32.5,0],[19.5,-32.5,0],[-19.5,-32.5,1.5]],[[19.5,32.5,1.5],[19.5,-32.5,1.5],[19.5,32.5,0]],[[19.5,-32.5,0],[19.5,32.5,0],[19.5,-32.5,1.5]],[[-19.5,32.5,1.5],[19.5,32.5,1.5],[-19.5,32.5,0]],[[19.5,32.5,0],[-19.5,32.5,0],[19.5,32.5,1.5]],[[18.5,-30.833333333333332,1.5],[19.5,32.5,1.5],[18.5,31,1.5]],[[19.5,-32.5,1.5],[19.5,32.5,1.5],[18.5,-30.833333333333332,1.5]],[[-19.5,32.5,1.5],[-18.5,31,1.5],[18.5,31,1.5]],[[-19.5,32.5,1.5],[-18.5,30.833333333333332,1.5],[-18.5,31,1.5]],[[18.5,31,0],[18.5,-31,1.5],[18.5,-30.833333333333332,1.5]],[[-18.5,-31,0],[-18.5,31,1.5],[-18.5,30.833333333333332,1.5]],[[18.5,-31,1.5],[18.5,31,0],[18.5,-30.833333333333332,0]],[[-18.5,30.833333333333332,1.5],[-19.5,-32.5,1.5],[-18.5,-31,1.5]],[[-19.5,32.5,1.5],[-19.5,-32.5,1.5],[-18.5,30.833333333333332,1.5]],[[-18.5,31,1.5],[-18.5,-31,0],[-18.5,30.833333333333332,0]],[[-19.5,-32.5,1.5],[18.5,-31,1.5],[-18.5,-31,1.5]],[[19.5,-32.5,1.5],[18.5,-30.833333333333332,1.5],[18.5,-31,1.5]],[[-18.5,31,0],[18.5,31,0],[18.5,31,1.5]],[[18.5,31,1.5],[-18.5,31,1.5],[-18.5,31,0]],[[18.5,-30.833333333333332,0],[18.5,-31,0],[18.5,-31,1.5]],[[18.5,31,0],[19.5,32.5,0],[18.5,-30.833333333333332,0]],[[-18.5,31,0],[19.5,32.5,0],[18.5,31,0]],[[-19.5,32.5,0],[-18.5,31,0],[-18.5,30.833333333333332,0]],[[-19.5,32.5,0],[19.5,32.5,0],[-18.5,31,0]],[[18.5,-30.833333333333332,1.5],[18.5,31,1.5],[18.5,31,0]],[[18.5,-31,0],[-18.5,-31,0],[-18.5,-31,1.5]],[[-18.5,-31,1.5],[18.5,-31,1.5],[18.5,-31,0]],[[-18.5,-31,0],[-19.5,-32.5,0],[-18.5,30.833333333333332,0]],[[19.5,-32.5,0],[-19.5,-32.5,0],[-18.5,-31,0]],[[18.5,-31,0],[19.5,-32.5,0],[-18.5,-31,0]],[[18.5,-30.833333333333332,0],[19.5,-32.5,0],[18.5,-31,0]],[[-18.5,30.833333333333332,0],[-18.5,31,0],[-18.5,31,1.5]],[[-18.5,30.833333333333332,1.5],[-18.5,-31,1.5],[-18.5,-31,0]]]},"boundingBox":[[79.99999999999997,-0.5134228187919626,-5.329070518200752e-15],[119.00000000000003,61.07382550335573,23.65771812080538]]}},{"type":"graph","tags":["color:#3c3c3c"],"graph":{"isClosed":true,"isEmpty":false,"isLazy":true,"provenance":"algorithm/cgal/fromSurfaceMeshToLazyGraph","serializedSurfaceMesh":"8\n-37/2 31 0\n-37/2 -31 0\n37/2 -31 0\n37/2 31 0\n-37/2 31 3/2\n-37/2 -31 3/2\n37/2 -31 3/2\n37/2 31 3/2\n\n12\n3 1 0 2\n3 3 2 0\n3 4 5 6\n3 6 7 4\n3 4 1 5\n3 1 4 0\n3 5 2 6\n3 2 5 1\n3 6 3 7\n3 3 6 2\n3 7 0 4\n3 0 7 3\n","hash":"pxzkSSJs3udTspfCDUvepIIakEX7ruEY91f0/Pakvws="},"matrix":[1,0,0,0,0,0.9395973154362416,0.3422818791946308,0,0,-0.3422818791946308,0.9395973154362416,0,99.5,30.53691275167785,11.124161073825503,1,"1","0","0","199/2","0","140/149","-51/149","4550/149","0","51/149","140/149","3315/298","1"],"hash":"tU9O+zatLiiEMVw7mbtwXSDJzUE3nMz97t98ggFj/Jw=","cache":{"triangles":{"type":"triangles","tags":["color:#3c3c3c"],"matrix":[1,0,0,0,0,0.9395973154362416,0.3422818791946308,0,0,-0.3422818791946308,0.9395973154362416,0,99.5,30.53691275167785,11.124161073825503,1,"1","0","0","199/2","0","140/149","-51/149","4550/149","0","51/149","140/149","3315/298","1"],"triangles":[[[-18.5,-31,0],[-18.5,31,0],[18.5,-31,0]],[[18.5,31,0],[18.5,-31,0],[-18.5,31,0]],[[-18.5,31,1.5],[-18.5,-31,1.5],[18.5,-31,1.5]],[[18.5,-31,1.5],[18.5,31,1.5],[-18.5,31,1.5]],[[-18.5,31,1.5],[-18.5,-31,0],[-18.5,-31,1.5]],[[-18.5,-31,0],[-18.5,31,1.5],[-18.5,31,0]],[[-18.5,-31,1.5],[18.5,-31,0],[18.5,-31,1.5]],[[18.5,-31,0],[-18.5,-31,1.5],[-18.5,-31,0]],[[18.5,-31,1.5],[18.5,31,0],[18.5,31,1.5]],[[18.5,31,0],[18.5,-31,1.5],[18.5,-31,0]],[[18.5,31,1.5],[-18.5,31,0],[-18.5,31,1.5]],[[-18.5,31,0],[18.5,31,1.5],[18.5,31,0]]]},"boundingBox":[[80.99999999999997,0.8959731543624015,0.5134228187919411],[118.00000000000003,59.66442953020137,23.144295302013433]]}}],"hash":"5V30EdgZ2gIKH6NNn6YdnAOqCT0VtKbvc9zfwNmCJZg="}],"hash":"pUzAyC9NqjfeQeaJQ3Qmedox5iL0Ct9mE+3OStNpJis="},{"type":"item","tags":["part:{\"BOMitemName\":\"400 Watt Solar Pannel\",\"numberNeeded\":1,\"costUSD\":312,\"source\":\"https://www.ecodirect.com/Canadian-Solar-CS1Y-400W-All-Black-Solar-Panel-p/canadian-solar-cs1y-400m5.htm\",\"totalNeeded\":1,\"radius\":0.015384615384615385}"],"matrix":[1,0,0,0,0,0.9395973154362416,0.3422818791946308,0,0,-0.3422818791946308,0.9395973154362416,0,139.5,30.53691275167785,11.124161073825503,1,"1","0","0","279/2","0","140/149","-51/149","4550/149","0","51/149","140/149","3315/298","1"],"content":[{"type":"group","tags":[],"matrix":[1,0,0,0,0,0.9395973154362416,0.3422818791946308,0,0,-0.3422818791946308,0.9395973154362416,0,139.5,30.53691275167785,11.124161073825503,1,"1","0","0","279/2","0","140/149","-51/149","4550/149","0","51/149","140/149","3315/298","1"],"content":[{"type":"graph","tags":["color:#bababa"],"graph":{"isClosed":true,"isEmpty":false,"isLazy":true,"provenance":"algorithm/cgal/fromSurfaceMeshToLazyGraph","serializedSurfaceMesh":"20\n-39/2 65/2 0\n-39/2 -65/2 0\n39/2 -65/2 0\n39/2 65/2 0\n-39/2 65/2 3/2\n-39/2 -65/2 3/2\n39/2 -65/2 3/2\n39/2 65/2 3/2\n37/2 -185/6 3/2\n-37/2 185/6 3/2\n-37/2 185/6 0\n37/2 -185/6 0\n-37/2 31 3/2\n37/2 31 3/2\n-37/2 -31 3/2\n37/2 -31 3/2\n-37/2 31 0\n37/2 31 0\n-37/2 -31 0\n37/2 -31 0\n\n40\n3 0 10 1\n3 2 11 3\n3 15 5 6\n3 13 7 4\n3 5 4 1\n3 0 1 4\n3 6 5 2\n3 1 2 5\n3 7 6 3\n3 2 3 6\n3 4 7 0\n3 3 0 7\n3 8 7 13\n3 6 7 8\n3 4 12 13\n3 4 9 12\n3 17 15 8\n3 18 12 9\n3 15 17 11\n3 9 5 14\n3 4 5 9\n3 12 18 10\n3 5 15 14\n3 6 8 15\n3 16 17 13\n3 13 12 16\n3 11 19 15\n3 17 3 11\n3 16 3 17\n3 0 16 10\n3 0 3 16\n3 8 13 17\n3 19 18 14\n3 14 15 19\n3 18 1 10\n3 2 1 18\n3 19 2 18\n3 11 2 19\n3 10 16 12\n3 9 14 18\n","hash":"JHvH96jDGAfcr/ovrcW0A6qQaXtrLoziIHcmYN2nfx0="},"matrix":[1,0,0,0,0,0.9395973154362416,0.3422818791946308,0,0,-0.3422818791946308,0.9395973154362416,0,139.5,30.53691275167785,11.124161073825503,1,"1","0","0","279/2","0","140/149","-51/149","4550/149","0","51/149","140/149","3315/298","1"],"provenance":"geometry/graph/cut","hash":"sfnrWUVWCvoGsxMz6gLqWpmgtLbRM8K4yCDPwm/U94c=","cache":{"triangles":{"type":"triangles","tags":["color:#bababa"],"matrix":[1,0,0,0,0,0.9395973154362416,0.3422818791946308,0,0,-0.3422818791946308,0.9395973154362416,0,139.5,30.53691275167785,11.124161073825503,1,"1","0","0","279/2","0","140/149","-51/149","4550/149","0","51/149","140/149","3315/298","1"],"triangles":[[[-19.5,32.5,0],[-18.5,30.833333333333332,0],[-19.5,-32.5,0]],[[19.5,-32.5,0],[18.5,-30.833333333333332,0],[19.5,32.5,0]],[[18.5,-31,1.5],[-19.5,-32.5,1.5],[19.5,-32.5,1.5]],[[18.5,31,1.5],[19.5,32.5,1.5],[-19.5,32.5,1.5]],[[-19.5,-32.5,1.5],[-19.5,32.5,1.5],[-19.5,-32.5,0]],[[-19.5,32.5,0],[-19.5,-32.5,0],[-19.5,32.5,1.5]],[[19.5,-32.5,1.5],[-19.5,-32.5,1.5],[19.5,-32.5,0]],[[-19.5,-32.5,0],[19.5,-32.5,0],[-19.5,-32.5,1.5]],[[19.5,32.5,1.5],[19.5,-32.5,1.5],[19.5,32.5,0]],[[19.5,-32.5,0],[19.5,32.5,0],[19.5,-32.5,1.5]],[[-19.5,32.5,1.5],[19.5,32.5,1.5],[-19.5,32.5,0]],[[19.5,32.5,0],[-19.5,32.5,0],[19.5,32.5,1.5]],[[18.5,-30.833333333333332,1.5],[19.5,32.5,1.5],[18.5,31,1.5]],[[19.5,-32.5,1.5],[19.5,32.5,1.5],[18.5,-30.833333333333332,1.5]],[[-19.5,32.5,1.5],[-18.5,31,1.5],[18.5,31,1.5]],[[-19.5,32.5,1.5],[-18.5,30.833333333333332,1.5],[-18.5,31,1.5]],[[18.5,31,0],[18.5,-31,1.5],[18.5,-30.833333333333332,1.5]],[[-18.5,-31,0],[-18.5,31,1.5],[-18.5,30.833333333333332,1.5]],[[18.5,-31,1.5],[18.5,31,0],[18.5,-30.833333333333332,0]],[[-18.5,30.833333333333332,1.5],[-19.5,-32.5,1.5],[-18.5,-31,1.5]],[[-19.5,32.5,1.5],[-19.5,-32.5,1.5],[-18.5,30.833333333333332,1.5]],[[-18.5,31,1.5],[-18.5,-31,0],[-18.5,30.833333333333332,0]],[[-19.5,-32.5,1.5],[18.5,-31,1.5],[-18.5,-31,1.5]],[[19.5,-32.5,1.5],[18.5,-30.833333333333332,1.5],[18.5,-31,1.5]],[[-18.5,31,0],[18.5,31,0],[18.5,31,1.5]],[[18.5,31,1.5],[-18.5,31,1.5],[-18.5,31,0]],[[18.5,-30.833333333333332,0],[18.5,-31,0],[18.5,-31,1.5]],[[18.5,31,0],[19.5,32.5,0],[18.5,-30.833333333333332,0]],[[-18.5,31,0],[19.5,32.5,0],[18.5,31,0]],[[-19.5,32.5,0],[-18.5,31,0],[-18.5,30.833333333333332,0]],[[-19.5,32.5,0],[19.5,32.5,0],[-18.5,31,0]],[[18.5,-30.833333333333332,1.5],[18.5,31,1.5],[18.5,31,0]],[[18.5,-31,0],[-18.5,-31,0],[-18.5,-31,1.5]],[[-18.5,-31,1.5],[18.5,-31,1.5],[18.5,-31,0]],[[-18.5,-31,0],[-19.5,-32.5,0],[-18.5,30.833333333333332,0]],[[19.5,-32.5,0],[-19.5,-32.5,0],[-18.5,-31,0]],[[18.5,-31,0],[19.5,-32.5,0],[-18.5,-31,0]],[[18.5,-30.833333333333332,0],[19.5,-32.5,0],[18.5,-31,0]],[[-18.5,30.833333333333332,0],[-18.5,31,0],[-18.5,31,1.5]],[[-18.5,30.833333333333332,1.5],[-18.5,-31,1.5],[-18.5,-31,0]]]},"boundingBox":[[119.99999999999997,-0.5134228187919626,-5.329070518200752e-15],[159.00000000000003,61.07382550335573,23.65771812080538]]}},{"type":"graph","tags":["color:#3c3c3c"],"graph":{"isClosed":true,"isEmpty":false,"isLazy":true,"provenance":"algorithm/cgal/fromSurfaceMeshToLazyGraph","serializedSurfaceMesh":"8\n-37/2 31 0\n-37/2 -31 0\n37/2 -31 0\n37/2 31 0\n-37/2 31 3/2\n-37/2 -31 3/2\n37/2 -31 3/2\n37/2 31 3/2\n\n12\n3 1 0 2\n3 3 2 0\n3 4 5 6\n3 6 7 4\n3 4 1 5\n3 1 4 0\n3 5 2 6\n3 2 5 1\n3 6 3 7\n3 3 6 2\n3 7 0 4\n3 0 7 3\n","hash":"pxzkSSJs3udTspfCDUvepIIakEX7ruEY91f0/Pakvws="},"matrix":[1,0,0,0,0,0.9395973154362416,0.3422818791946308,0,0,-0.3422818791946308,0.9395973154362416,0,139.5,30.53691275167785,11.124161073825503,1,"1","0","0","279/2","0","140/149","-51/149","4550/149","0","51/149","140/149","3315/298","1"],"hash":"rgeX6nf+wjubPLrQuJOBWXZgEJ0gm7PrWbcmypJD2u8=","cache":{"triangles":{"type":"triangles","tags":["color:#3c3c3c"],"matrix":[1,0,0,0,0,0.9395973154362416,0.3422818791946308,0,0,-0.3422818791946308,0.9395973154362416,0,139.5,30.53691275167785,11.124161073825503,1,"1","0","0","279/2","0","140/149","-51/149","4550/149","0","51/149","140/149","3315/298","1"],"triangles":[[[-18.5,-31,0],[-18.5,31,0],[18.5,-31,0]],[[18.5,31,0],[18.5,-31,0],[-18.5,31,0]],[[-18.5,31,1.5],[-18.5,-31,1.5],[18.5,-31,1.5]],[[18.5,-31,1.5],[18.5,31,1.5],[-18.5,31,1.5]],[[-18.5,31,1.5],[-18.5,-31,0],[-18.5,-31,1.5]],[[-18.5,-31,0],[-18.5,31,1.5],[-18.5,31,0]],[[-18.5,-31,1.5],[18.5,-31,0],[18.5,-31,1.5]],[[18.5,-31,0],[-18.5,-31,1.5],[-18.5,-31,0]],[[18.5,-31,1.5],[18.5,31,0],[18.5,31,1.5]],[[18.5,31,0],[18.5,-31,1.5],[18.5,-31,0]],[[18.5,31,1.5],[-18.5,31,0],[-18.5,31,1.5]],[[-18.5,31,0],[18.5,31,1.5],[18.5,31,0]]]},"boundingBox":[[120.99999999999997,0.8959731543624015,0.5134228187919411],[158.00000000000003,59.66442953020137,23.144295302013433]]}}],"hash":"uS1JI/rI7B1bUheNCBwc23kazNveKLfz5VEydrsxK6c="}],"hash":"e+GconMGPC6zYWdom5H7Qz2juXUgCOl4bkAOJ10yqpA="}],"hash":"CntYrrc8pKF5u+WfjZDWWHdhz18bxtyrXZCn0RUp+wM="}