{"type":"group","tags":[],"content":[{"type":"group","tags":[],"content":[{"type":"group","tags":[],"matrix":[1,0,0,0,0,0.9395973154362416,0.3422818791946308,0,0,-0.3422818791946308,0.9395973154362416,0,0,0,0,1,"1","0","0","0","0","140/149","-51/149","0","0","51/149","140/149","0","1"],"content":[{"type":"group","tags":[],"matrix":[1,0,0,0,0,0.9395973154362416,0.3422818791946308,0,0,-0.3422818791946308,0.9395973154362416,0,0,0,0,1,"1","0","0","0","0","140/149","-51/149","0","0","51/149","140/149","0","1"],"content":[{"type":"item","tags":["part:{\"BOMitemName\":\"Support Rail\",\"numberNeeded\":2,\"costUSD\":3.6,\"source\":\"www.example.com\",\"totalNeeded\":1,\"radius\":0.015384615384615385}"],"matrix":[1,0,0,0,0,0.9395973154362416,0.3422818791946308,0,0,-0.3422818791946308,0.9395973154362416,0,0,9.395973154362416,3.4228187919463084,1,"1","0","0","0","0","140/149","-51/149","1400/149","0","51/149","140/149","510/149","1"],"content":[{"type":"plan","tags":["color:#bababa"],"matrix":[0,0.3422818791946308,-0.9395973154362416,0,0,0.9395973154362416,0.3422818791946308,0,1,0,0,0,0,9.56711409395973,2.9530201342281877,1,"0","0","1","0","51/149","140/149","0","2851/298","-140/149","51/149","0","440/149","1"],"plan":{"type":"Box","history":[{"corner1":[0.5,0.5,0]},{"corner2":[-0.5,-0.5,0]}]},"content":[{"type":"graph","tags":["color:#bababa","color:#bababa"],"graph":{"isClosed":true,"isEmpty":false,"isLazy":true,"provenance":"algorithm/cgal/fromSurfaceMeshToLazyGraph","serializedSurfaceMesh":"21\n-1/2 -1/2 0\n1/2 -1/2 0\n-1/2 1/2 40\n-1/2 -1/2 40\n1/2 -1/2 40\n1/2 1/2 40\n-1/2 1/2 49669117228765039998640735008882865/81703838958186787213998914369748992\n-1587581214613556791347212500681850703/3274500663684643662691706471381467136 1/2 248345586143825199993203675044414325/409312582960580457836463308922683392\n1/2 1582043054056808521761666022283378511/3250730131856802775257113721401507840 43322011871592865866890838417375409/81268253296420069381427843035037696\n1/2 1/2 43322011871592865866890838417375409/81703838958186787213998914369748992\n-1/2 22292818155483985/504403158265495552 0\n347903071214370667/1603281467343896576 -347903071214370667/1603281467343896576 0\n1/2 -807270233206161259/2522015791327477760 0\n-1/2 998798317359056685/2017612633061982208 43881227138481755/72057594037927936\n-1/2 22292818155483985/504403158265495552 39161735890178225/144115188075855872\n-1/2 881704727047424190/8381799386486809087 54765619840172921245964177451320485/172563513571091407497733610827415552\n-2584603552186678957/9372850001845404344 1/2 99703071238343673474139756004767165/168846255102842062998345178463338496\n1/2 6937677207106089448/21146382967321560025 345523995050231930260203678367114871/609502991691924359817656828019343360\n1/2 1319054290860958689/10088063165309911040 43881227138481755/72057594037927936\n1/2 -807270233206161259/2522015791327477760 39161735890178225/144115188075855872\n1/2 -6017809902084174494/41908996932434045435 69674350539730877282153135301264549/172563513571091407497733610827415552\n\n38\n3 0 10 11\n3 3 4 2\n3 5 2 4\n3 0 3 2\n3 1 4 3\n3 3 0 1\n3 4 8 5\n3 7 6 5\n3 16 7 5\n3 12 1 11\n3 10 14 11\n3 0 11 1\n3 11 19 12\n3 8 9 5\n3 2 5 6\n3 8 17 16\n3 9 8 16\n3 14 10 0\n3 2 13 0\n3 2 6 13\n3 13 15 0\n3 6 7 13\n3 0 15 14\n3 7 16 13\n3 5 9 16\n3 16 18 13\n3 18 15 13\n3 18 20 15\n3 20 18 4\n3 14 20 19\n3 4 17 8\n3 14 15 20\n3 4 18 17\n3 19 1 12\n3 4 19 20\n3 4 1 19\n3 16 17 18\n3 19 11 14\n","hash":"H7TRAq6CDoN0FNkTodp/02Y+e05ElrfqnQ+nxTyese0="},"matrix":[0,0.3422818791946308,-0.9395973154362416,0,0,0.9395973154362416,0.3422818791946308,0,1,0,0,0,0,9.56711409395973,2.9530201342281877,1,"0","0","1","0","51/149","140/149","0","2851/298","-140/149","51/149","0","440/149","1"],"provenance":"geometry/graph/cut","cache":{"boundingBox":[[-2e-323,8.926174496644292,2.3120805369127506],[40.00000000000002,10.20805369127517,3.593959731543625]],"triangles":{"type":"triangles","tags":["color:#bababa","color:#bababa"],"matrix":[0,0.3422818791946308,-0.9395973154362416,0,0,0.9395973154362416,0.3422818791946308,0,1,0,0,0,0,9.56711409395973,2.9530201342281877,1,"0","0","1","0","51/149","140/149","0","2851/298","-140/149","51/149","0","440/149","1"],"triangles":[[[-0.5,-0.5,0],[-0.5,0.04419642857142863,0],[0.21699438202247182,-0.21699438202247182,0]],[[-0.5,-0.5,40],[0.5,-0.5,40],[-0.5,0.5,40]],[[0.5,0.5,40],[-0.5,0.5,40],[0.5,-0.5,40]],[[-0.5,-0.5,0],[-0.5,-0.5,40],[-0.5,0.5,40]],[[0.5,-0.5,0],[0.5,-0.5,40],[-0.5,-0.5,40]],[[-0.5,-0.5,40],[-0.5,-0.5,0],[0.5,-0.5,0]],[[0.5,-0.5,40],[0.5,0.48667314415089646,0.5330742339641404],[0.5,0.5,40]],[[-0.4848315446139276,0.5,0.6067382154428966],[-0.5,0.5,0.6079165662483005],[0.5,0.5,40]],[[-0.2757542851616958,0.5,0.5904961953560405],[-0.4848315446139276,0.5,0.6067382154428966],[0.5,0.5,40]],[[0.5,-0.32008928571428563,0],[0.5,-0.5,0],[0.21699438202247182,-0.21699438202247182,0]],[[-0.5,0.04419642857142863,0],[-0.5,0.04419642857142863,0.2717391304347826],[0.21699438202247182,-0.21699438202247182,0]],[[-0.5,-0.5,0],[0.21699438202247182,-0.21699438202247182,0],[0.5,-0.5,0]],[[0.21699438202247182,-0.21699438202247182,0],[0.5,-0.32008928571428563,0.2717391304347826],[0.5,-0.32008928571428563,0]],[[0.5,0.48667314415089646,0.5330742339641404],[0.5,0.5,0.5302322684465729],[0.5,0.5,40]],[[-0.5,0.5,40],[0.5,0.5,40],[-0.5,0.5,0.6079165662483005]],[[0.5,0.48667314415089646,0.5330742339641404],[0.5,0.32807867037247873,0.5668946662445232],[-0.2757542851616958,0.5,0.5904961953560405]],[[0.5,0.5,0.5302322684465729],[0.5,0.48667314415089646,0.5330742339641404],[-0.2757542851616958,0.5,0.5904961953560405]],[[-0.5,0.04419642857142863,0.2717391304347826],[-0.5,0.04419642857142863,0],[-0.5,-0.5,0]],[[-0.5,0.5,40],[-0.5,0.4950396825396825,0.6089743589743589],[-0.5,-0.5,0]],[[-0.5,0.5,40],[-0.5,0.5,0.6079165662483005],[-0.5,0.4950396825396825,0.6089743589743589]],[[-0.5,0.4950396825396825,0.6089743589743589],[-0.5,0.1051927738176261,0.31736500206117435],[-0.5,-0.5,0]],[[-0.5,0.5,0.6079165662483005],[-0.4848315446139276,0.5,0.6067382154428966],[-0.5,0.4950396825396825,0.6089743589743589]],[[-0.5,-0.5,0],[-0.5,0.1051927738176261,0.31736500206117435],[-0.5,0.04419642857142863,0.2717391304347826]],[[-0.4848315446139276,0.5,0.6067382154428966],[-0.2757542851616958,0.5,0.5904961953560405],[-0.5,0.4950396825396825,0.6089743589743589]],[[0.5,0.5,40],[0.5,0.5,0.5302322684465729],[-0.2757542851616958,0.5,0.5904961953560405]],[[-0.2757542851616958,0.5,0.5904961953560405],[0.5,0.13075396825396826,0.6089743589743589],[-0.5,0.4950396825396825,0.6089743589743589]],[[0.5,0.13075396825396826,0.6089743589743589],[-0.5,0.1051927738176261,0.31736500206117435],[-0.5,0.4950396825396825,0.6089743589743589]],[[0.5,0.13075396825396826,0.6089743589743589],[0.5,-0.14359231531563796,0.4037606160066216],[-0.5,0.1051927738176261,0.31736500206117435]],[[0.5,-0.14359231531563796,0.4037606160066216],[0.5,0.13075396825396826,0.6089743589743589],[0.5,-0.5,40]],[[-0.5,0.04419642857142863,0.2717391304347826],[0.5,-0.14359231531563796,0.4037606160066216],[0.5,-0.32008928571428563,0.2717391304347826]],[[0.5,-0.5,40],[0.5,0.32807867037247873,0.5668946662445232],[0.5,0.48667314415089646,0.5330742339641404]],[[-0.5,0.04419642857142863,0.2717391304347826],[-0.5,0.1051927738176261,0.31736500206117435],[0.5,-0.14359231531563796,0.4037606160066216]],[[0.5,-0.5,40],[0.5,0.13075396825396826,0.6089743589743589],[0.5,0.32807867037247873,0.5668946662445232]],[[0.5,-0.32008928571428563,0.2717391304347826],[0.5,-0.5,0],[0.5,-0.32008928571428563,0]],[[0.5,-0.5,40],[0.5,-0.32008928571428563,0.2717391304347826],[0.5,-0.14359231531563796,0.4037606160066216]],[[0.5,-0.5,40],[0.5,-0.5,0],[0.5,-0.32008928571428563,0.2717391304347826]],[[-0.2757542851616958,0.5,0.5904961953560405],[0.5,0.32807867037247873,0.5668946662445232],[0.5,0.13075396825396826,0.6089743589743589]],[[0.5,-0.32008928571428563,0.2717391304347826],[0.21699438202247182,-0.21699438202247182,0],[-0.5,0.04419642857142863,0.2717391304347826]]]}},"hash":"aMfptP2sSv+8KHSLQq9VVBRlACPwDy5XXmpD4qdE3lQ="}],"hash":"QoL+QrYcI3bTEWLr5j81+IlPIkYQ7Hg3EA3WGdgEPlU="}],"hash":"hnpQeVoJOr67opq5HrpiVkwQlB8xCufatmuEbaYRfcU="},{"type":"item","tags":["part:{\"BOMitemName\":\"Support Rail\",\"numberNeeded\":2,\"costUSD\":3.6,\"source\":\"www.example.com\",\"totalNeeded\":1,\"radius\":0.015384615384615385}"],"matrix":[1,0,0,0,0,0.9395973154362416,0.3422818791946308,0,0,-0.3422818791946308,0.9395973154362416,0,0,54.49664429530201,19.85234899328859,1,"1","0","0","0","0","140/149","-51/149","8120/149","0","51/149","140/149","2958/149","1"],"content":[{"type":"plan","tags":["color:#bababa"],"matrix":[0,0.3422818791946308,-0.9395973154362416,0,0,0.9395973154362416,0.3422818791946308,0,1,0,0,0,0,54.66778523489933,19.382550335570468,1,"0","0","1","0","51/149","140/149","0","16291/298","-140/149","51/149","0","2888/149","1"],"plan":{"type":"Box","history":[{"corner1":[0.5,0.5,0]},{"corner2":[-0.5,-0.5,0]}]},"content":[{"type":"graph","tags":["color:#bababa","color:#bababa"],"graph":{"isClosed":true,"isEmpty":false,"isLazy":true,"provenance":"algorithm/cgal/fromSurfaceMeshToLazyGraph","serializedSurfaceMesh":"22\n-1/2 1/2 0\n-1/2 -1/2 0\n141/298 27/149 3/4\n1/2 1/2 0\n-1/2 1/2 40\n-1/2 -1/2 40\n1/2 -1/2 40\n1/2 1/2 40\n9/40 -1/2 0\n57/191 -57/191 0\n15810820164977607487/32073977482772573548 -1/2 2261685764086792870/8018494370693143387\n1/2 13/51 0\n1/2 -1/2 226168576408679287/785603525242775404\n9/40 -1/2 3185472907164497/52725068808239960\n9/40 -1/2 1/40\n1/2 13/51 466287327272872057/649836473061557388\n1/2 -991560825274962543/2522015791327477760 9556418721493491/18014398509481984\n1/2 2203138968930976541/12772538074902778147 38296524197185038457/51090152299611112588\n1/2 13/51 137/204\n1/2 -4916392978581674254/12772538074902778147 27266439802501238825/51090152299611112588\n1/2 6/35 3/4\n782637740122311831/2684145377912815616 -212877465313268793/671036344478203904 9556418721493491/18014398509481984\n\n40\n3 9 8 1\n3 11 9 0\n3 5 6 4\n3 7 4 6\n3 1 5 4\n3 4 0 1\n3 5 10 12\n3 21 10 13\n3 3 7 6\n3 15 18 3\n3 0 4 7\n3 7 3 0\n3 13 2 21\n3 5 12 6\n3 0 3 11\n3 8 9 14\n3 1 0 9\n3 9 2 14\n3 18 2 9\n3 1 10 5\n3 1 13 10\n3 1 8 14\n3 21 2 20\n3 13 1 14\n3 16 6 12\n3 2 17 20\n3 16 21 19\n3 3 6 15\n3 15 2 18\n3 19 6 16\n3 2 15 17\n3 15 6 17\n3 20 19 21\n3 11 3 18\n3 9 11 18\n3 20 6 19\n3 14 2 13\n3 17 6 20\n3 10 21 16\n3 16 12 10\n","hash":"VQQv8v9mt9fiXthCjeazfvqsDIXC62pf2Bljjys33iE="},"matrix":[0,0.3422818791946308,-0.9395973154362416,0,0,0.9395973154362416,0.3422818791946308,0,1,0,0,0,0,54.66778523489933,19.382550335570468,1,"0","0","1","0","51/149","140/149","0","16291/298","-140/149","51/149","0","2888/149","1"],"provenance":"geometry/graph/cut","cache":{"boundingBox":[[-2e-323,54.02684563758388,18.741610738255027],[40.00000000000002,55.30872483221478,20.023489932885912]],"triangles":{"type":"triangles","tags":["color:#bababa","color:#bababa"],"matrix":[0,0.3422818791946308,-0.9395973154362416,0,0,0.9395973154362416,0.3422818791946308,0,1,0,0,0,0,54.66778523489933,19.382550335570468,1,"0","0","1","0","51/149","140/149","0","16291/298","-140/149","51/149","0","2888/149","1"],"triangles":[[[0.29842931937172773,-0.29842931937172773,0],[0.22499999999999998,-0.5,0],[-0.5,-0.5,0]],[[0.5,0.2549019607843137,0],[0.29842931937172773,-0.29842931937172773,0],[-0.5,0.5,0]],[[-0.5,-0.5,40],[0.5,-0.5,40],[-0.5,0.5,40]],[[0.5,0.5,40],[-0.5,0.5,40],[0.5,-0.5,40]],[[-0.5,-0.5,0],[-0.5,-0.5,40],[-0.5,0.5,40]],[[-0.5,0.5,40],[-0.5,0.5,0],[-0.5,-0.5,0]],[[-0.5,-0.5,40],[0.4929485335415553,-0.5,0.2820586583377854],[0.5,-0.5,0.2878914988814317]],[[0.29157799967261416,-0.31723686364380416,0.5304878048780487],[0.4929485335415553,-0.5,0.2820586583377854],[0.22499999999999998,-0.5,0.06041666666666665]],[[0.5,0.5,0],[0.5,0.5,40],[0.5,-0.5,40]],[[0.5,0.2549019607843137,0.7175456389452332],[0.5,0.2549019607843137,0.6715686274509803],[0.5,0.5,0]],[[-0.5,0.5,0],[-0.5,0.5,40],[0.5,0.5,40]],[[0.5,0.5,40],[0.5,0.5,0],[-0.5,0.5,0]],[[0.22499999999999998,-0.5,0.06041666666666665],[0.47315436241610737,0.18120805369127516,0.75],[0.29157799967261416,-0.31723686364380416,0.5304878048780487]],[[-0.5,-0.5,40],[0.5,-0.5,0.2878914988814317],[0.5,-0.5,40]],[[-0.5,0.5,0],[0.5,0.5,0],[0.5,0.2549019607843137,0]],[[0.22499999999999998,-0.5,0],[0.29842931937172773,-0.29842931937172773,0],[0.22499999999999998,-0.5,0.024999999999999998]],[[-0.5,-0.5,0],[-0.5,0.5,0],[0.29842931937172773,-0.29842931937172773,0]],[[0.29842931937172773,-0.29842931937172773,0],[0.47315436241610737,0.18120805369127516,0.75],[0.22499999999999998,-0.5,0.024999999999999998]],[[0.5,0.2549019607843137,0.6715686274509803],[0.47315436241610737,0.18120805369127516,0.75],[0.29842931937172773,-0.29842931937172773,0]],[[-0.5,-0.5,0],[0.4929485335415553,-0.5,0.2820586583377854],[-0.5,-0.5,40]],[[-0.5,-0.5,0],[0.22499999999999998,-0.5,0.06041666666666665],[0.4929485335415553,-0.5,0.2820586583377854]],[[-0.5,-0.5,0],[0.22499999999999998,-0.5,0],[0.22499999999999998,-0.5,0.024999999999999998]],[[0.29157799967261416,-0.31723686364380416,0.5304878048780487],[0.47315436241610737,0.18120805369127516,0.75],[0.5,0.1714285714285714,0.75]],[[0.22499999999999998,-0.5,0.06041666666666665],[-0.5,-0.5,0],[0.22499999999999998,-0.5,0.024999999999999998]],[[0.5,-0.3931620209059233,0.5304878048780487],[0.5,-0.5,40],[0.5,-0.5,0.2878914988814317]],[[0.47315436241610737,0.18120805369127516,0.75],[0.5,0.1724903034941821,0.7495871997523198],[0.5,0.1714285714285714,0.75]],[[0.5,-0.3931620209059233,0.5304878048780487],[0.29157799967261416,-0.31723686364380416,0.5304878048780487],[0.5,-0.3849190309514185,0.5336926702156021]],[[0.5,0.5,0],[0.5,-0.5,40],[0.5,0.2549019607843137,0.7175456389452332]],[[0.5,0.2549019607843137,0.7175456389452332],[0.47315436241610737,0.18120805369127516,0.75],[0.5,0.2549019607843137,0.6715686274509803]],[[0.5,-0.3849190309514185,0.5336926702156021],[0.5,-0.5,40],[0.5,-0.3931620209059233,0.5304878048780487]],[[0.47315436241610737,0.18120805369127516,0.75],[0.5,0.2549019607843137,0.7175456389452332],[0.5,0.1724903034941821,0.7495871997523198]],[[0.5,0.2549019607843137,0.7175456389452332],[0.5,-0.5,40],[0.5,0.1724903034941821,0.7495871997523198]],[[0.5,0.1714285714285714,0.75],[0.5,-0.3849190309514185,0.5336926702156021],[0.29157799967261416,-0.31723686364380416,0.5304878048780487]],[[0.5,0.2549019607843137,0],[0.5,0.5,0],[0.5,0.2549019607843137,0.6715686274509803]],[[0.29842931937172773,-0.29842931937172773,0],[0.5,0.2549019607843137,0],[0.5,0.2549019607843137,0.6715686274509803]],[[0.5,0.1714285714285714,0.75],[0.5,-0.5,40],[0.5,-0.3849190309514185,0.5336926702156021]],[[0.22499999999999998,-0.5,0.024999999999999998],[0.47315436241610737,0.18120805369127516,0.75],[0.22499999999999998,-0.5,0.06041666666666665]],[[0.5,0.1724903034941821,0.7495871997523198],[0.5,-0.5,40],[0.5,0.1714285714285714,0.75]],[[0.4929485335415553,-0.5,0.2820586583377854],[0.29157799967261416,-0.31723686364380416,0.5304878048780487],[0.5,-0.3931620209059233,0.5304878048780487]],[[0.5,-0.3931620209059233,0.5304878048780487],[0.5,-0.5,0.2878914988814317],[0.4929485335415553,-0.5,0.2820586583377854]]]}},"hash":"Fl8BglBwyCcIwfmn71vYw2zy1nBGWgPa/YJAFmcMZy4="}],"hash":"WG8yiO//twv9pLqna4ON4nZUyZUnuS8wI+8xH2DQRXE="}],"hash":"tElEpT/K9mgI2flAvbIieOstqzGk8pQyJfEedvPsUj4="}],"hash":"2SQkqPEt+VBqtE+CCr2+YzkSBgcoRv38CGcbgOrGHSA="},{"type":"group","tags":[],"matrix":[1,0,0,0,0,0.9395973154362416,0.3422818791946308,0,0,-0.3422818791946308,0.9395973154362416,0,19.5,30.53691275167785,11.124161073825503,1,"1","0","0","39/2","0","140/149","-51/149","4550/149","0","51/149","140/149","3315/298","1"],"content":[{"type":"item","tags":["part:{\"BOMitemName\":\"400 Watt Solar Pannel\",\"numberNeeded\":1,\"costUSD\":312,\"source\":\"https://www.ecodirect.com/Canadian-Solar-CS1Y-400W-All-Black-Solar-Panel-p/canadian-solar-cs1y-400m5.htm\",\"totalNeeded\":1,\"radius\":0.015384615384615385}"],"matrix":[1,0,0,0,0,0.9395973154362416,0.3422818791946308,0,0,-0.3422818791946308,0.9395973154362416,0,19.5,30.53691275167785,11.124161073825503,1,"1","0","0","39/2","0","140/149","-51/149","4550/149","0","51/149","140/149","3315/298","1"],"content":[{"type":"plan","tags":["color:#bababa"],"matrix":[1,0,0,0,0,0.9395973154362416,0.3422818791946308,0,0,-0.3422818791946308,0.9395973154362416,0,19.5,30.53691275167785,11.124161073825503,1,"1","0","0","39/2","0","140/149","-51/149","4550/149","0","51/149","140/149","3315/298","1"],"plan":{"type":"Box","history":[{"corner1":[19.5,32.5,0]},{"corner2":[-19.5,-32.5,0]}]},"content":[{"type":"graph","tags":["color:#bababa"],"graph":{"isClosed":true,"isEmpty":false,"isLazy":true,"provenance":"algorithm/cgal/fromSurfaceMeshToLazyGraph","serializedSurfaceMesh":"39\n-39/2 65/2 0\n-39/2 -65/2 0\n39/2 -65/2 0\n39/2 65/2 0\n-39/2 65/2 3/2\n-39/2 -65/2 3/2\n39/2 -65/2 3/2\n39/2 65/2 3/2\n37/2 -185/6 3/2\n-37/2 185/6 3/2\n-37/2 185/6 0\n37/2 -185/6 0\n-37/2 31 3/2\n37/2 31 3/2\n-37/2 -31 3/2\n37/2 -31 3/2\n-37/2 31 0\n37/2 31 0\n-37/2 -31 0\n37/2 -31 0\n-39/2 -30329/1410 298/1175\n-39/2 -3636414630621704346155/162552924950310682624 75994866012156592575/325105849900621365248\n-7305045284586866067333/378051438029153617294 -8046013793777626135055/378051438029153617294 0\n-370722945634245940329/19167320014088830976 -11326778242818165935/504403158265495552 0\n-39/2 -11326778242818165935/504403158265495552 0\n-39/2 -4747/224 0\n-1361241856601112997/72057594037927936 -44397485926535542995/2017612633061982208 0\n-85617345089902147/4503599627370496 -43263617386389982573/2017612633061982208 0\n-2304248167811130562548072914809331381/121900598338384871963531365603868672 -185667805822682523577/8458553186928624010 0\n-2771084431589011279/144115188075855872 -11326778242818165935/504403158265495552 0\n-3310222894796109524959841233683282779/172563513571091407497733610827415552 -375417562937811560535/16763598772973618174 0\n-313868592984620947137/16487593262225510966 -353324895324257644507/16487593262225510966 0\n-39/2 -1508586120234120963856834704591978173/68136595676492145627345944158666752 43913293536607205459722382950153615/90848794235322860836461258878222336\n-39/2 -58689909543975110409/2684145377912815616 4113287659665052985/10736581511651262464\n-39/2 -14939565863894777821/671036344478203904 1417507982714863565/2684145377912815616\n-39/2 -3151/149 145/1192\n-1361241856601112997/72057594037927936 -58689909543975110409/2684145377912815616 4113287659665052985/10736581511651262464\n-85617345089902147/4503599627370496 -57358184748502136759/2684145377912815616 2172774386261577095/10736581511651262464\n-2771084431589011279/144115188075855872 -14939565863894777821/671036344478203904 1417507982714863565/2684145377912815616\n\n78\n3 10 22 25\n3 3 2 11\n3 6 15 5\n3 4 13 7\n3 22 37 35\n3 35 36 20\n3 2 6 5\n3 5 1 2\n3 3 7 6\n3 6 2 3\n3 0 4 7\n3 7 3 0\n3 13 8 7\n3 8 6 7\n3 13 4 12\n3 12 4 9\n3 8 17 15\n3 9 18 12\n3 11 15 17\n3 14 9 5\n3 9 4 5\n3 10 12 18\n3 14 5 15\n3 15 6 8\n3 13 16 17\n3 16 13 12\n3 15 11 19\n3 11 17 3\n3 17 16 3\n3 10 0 16\n3 16 0 3\n3 17 8 13\n3 14 19 18\n3 19 14 15\n3 1 23 18\n3 18 2 1\n3 18 19 2\n3 19 11 2\n3 12 10 16\n3 18 9 14\n3 20 36 33\n3 1 24 23\n3 27 37 31\n3 10 25 0\n3 32 33 38\n3 29 18 23\n3 32 38 34\n3 10 18 26\n3 10 27 31\n3 10 26 28\n3 26 38 36\n3 27 10 28\n3 29 38 30\n3 30 18 29\n3 27 36 37\n3 26 18 30\n3 10 31 22\n3 26 36 28\n3 21 5 34\n3 1 5 21\n3 28 36 27\n3 4 20 33\n3 30 38 26\n3 32 4 33\n3 4 34 5\n3 4 32 34\n3 35 4 0\n3 36 35 37\n3 35 0 25\n3 24 1 21\n3 33 36 38\n3 20 4 35\n3 22 35 25\n3 31 37 22\n3 38 21 34\n3 24 21 23\n3 21 38 29\n3 21 29 23\n","hash":"sYZFQxLUFVNMh1dPSsvmiSkMkn1il0mrkcYtXVp0QEQ="},"matrix":[1,0,0,0,0,0.9395973154362416,0.3422818791946308,0,0,-0.3422818791946308,0.9395973154362416,0,19.5,30.53691275167785,11.124161073825503,1,"1","0","0","39/2","0","140/149","-51/149","4550/149","0","51/149","140/149","3315/298","1"],"provenance":"geometry/graph/cut","cache":{"boundingBox":[[-1.0658141036401504e-14,-0.5134228187919626,-5.329070518200752e-15],[39.00000000000002,61.07382550335573,23.65771812080538]],"triangles":{"type":"triangles","tags":["color:#bababa"],"matrix":[1,0,0,0,0,0.9395973154362416,0.3422818791946308,0,0,-0.3422818791946308,0.9395973154362416,0,19.5,30.53691275167785,11.124161073825503,1,"1","0","0","39/2","0","140/149","-51/149","4550/149","0","51/149","140/149","3315/298","1"],"triangles":[[[-18.5,30.833333333333332,0],[-19.322887178182174,-21.282854618204503,0],[-19.5,-21.191964285714285,0]],[[19.5,32.5,0],[19.5,-32.5,0],[18.5,-30.833333333333332,0]],[[19.5,-32.5,1.5],[18.5,-31,1.5],[-19.5,-32.5,1.5]],[[-19.5,32.5,1.5],[18.5,31,1.5],[19.5,32.5,1.5]],[[-19.322887178182174,-21.282854618204503,0],[-19.01086956521739,-21.369254147144485,0.2023711536026339],[-19.5,-21.147651006711406,0.12164429530201341]],[[-19.5,-21.147651006711406,0.12164429530201341],[-18.89102564102564,-21.86539895600298,0.38310961968680085],[-19.5,-21.50992907801418,0.25361702127659574]],[[19.5,-32.5,0],[19.5,-32.5,1.5],[-19.5,-32.5,1.5]],[[-19.5,-32.5,1.5],[-19.5,-32.5,0],[19.5,-32.5,0]],[[19.5,32.5,0],[19.5,32.5,1.5],[19.5,-32.5,1.5]],[[19.5,-32.5,1.5],[19.5,-32.5,0],[19.5,32.5,0]],[[-19.5,32.5,0],[-19.5,32.5,1.5],[19.5,32.5,1.5]],[[19.5,32.5,1.5],[19.5,32.5,0],[-19.5,32.5,0]],[[18.5,31,1.5],[18.5,-30.833333333333332,1.5],[19.5,32.5,1.5]],[[18.5,-30.833333333333332,1.5],[19.5,-32.5,1.5],[19.5,32.5,1.5]],[[18.5,31,1.5],[-19.5,32.5,1.5],[-18.5,31,1.5]],[[-18.5,31,1.5],[-19.5,32.5,1.5],[-18.5,30.833333333333332,1.5]],[[18.5,-30.833333333333332,1.5],[18.5,31,0],[18.5,-31,1.5]],[[-18.5,30.833333333333332,1.5],[-18.5,-31,0],[-18.5,31,1.5]],[[18.5,-30.833333333333332,0],[18.5,-31,1.5],[18.5,31,0]],[[-18.5,-31,1.5],[-18.5,30.833333333333332,1.5],[-19.5,-32.5,1.5]],[[-18.5,30.833333333333332,1.5],[-19.5,32.5,1.5],[-19.5,-32.5,1.5]],[[-18.5,30.833333333333332,0],[-18.5,31,1.5],[-18.5,-31,0]],[[-18.5,-31,1.5],[-19.5,-32.5,1.5],[18.5,-31,1.5]],[[18.5,-31,1.5],[19.5,-32.5,1.5],[18.5,-30.833333333333332,1.5]],[[18.5,31,1.5],[-18.5,31,0],[18.5,31,0]],[[-18.5,31,0],[18.5,31,1.5],[-18.5,31,1.5]],[[18.5,-31,1.5],[18.5,-30.833333333333332,0],[18.5,-31,0]],[[18.5,-30.833333333333332,0],[18.5,31,0],[19.5,32.5,0]],[[18.5,31,0],[-18.5,31,0],[19.5,32.5,0]],[[-18.5,30.833333333333332,0],[-19.5,32.5,0],[-18.5,31,0]],[[-18.5,31,0],[-19.5,32.5,0],[19.5,32.5,0]],[[18.5,31,0],[18.5,-30.833333333333332,1.5],[18.5,31,1.5]],[[-18.5,-31,1.5],[18.5,-31,0],[-18.5,-31,0]],[[18.5,-31,0],[-18.5,-31,1.5],[18.5,-31,1.5]],[[-19.5,-32.5,0],[-19.34140742481203,-22.455803571428568,0],[-18.5,-31,0]],[[-18.5,-31,0],[19.5,-32.5,0],[-19.5,-32.5,0]],[[-18.5,-31,0],[18.5,-31,0],[19.5,-32.5,0]],[[18.5,-31,0],[18.5,-30.833333333333332,0],[19.5,-32.5,0]],[[-18.5,31,1.5],[-18.5,30.833333333333332,0],[-18.5,31,0]],[[-18.5,-31,0],[-18.5,30.833333333333332,1.5],[-18.5,-31,1.5]],[[-19.5,-21.50992907801418,0.25361702127659574],[-18.89102564102564,-21.86539895600298,0.38310961968680085],[-19.5,-21.86539895600298,0.38310961968680085]],[[-19.5,-32.5,0],[-19.5,-22.455803571428568,0],[-19.34140742481203,-22.455803571428568,0]],[[-19.01086956521739,-21.442975067385444,0],[-19.01086956521739,-21.369254147144485,0.2023711536026339],[-19.03665307560205,-21.429743547456088,0]],[[-18.5,30.833333333333332,0],[-19.5,-21.191964285714285,0],[-19.5,32.5,0]],[[-19.5,-22.140614823152944,0.48336682843428763],[-19.5,-21.86539895600298,0.38310961968680085],[-19.228260869565215,-22.263422818791945,0.5281040268456375]],[[-19.228260869565215,-22.455803571428568,0],[-18.5,-31,0],[-19.34140742481203,-22.455803571428568,0]],[[-19.5,-22.140614823152944,0.48336682843428763],[-19.228260869565215,-22.263422818791945,0.5281040268456375],[-19.5,-22.263422818791945,0.5281040268456375]],[[-18.5,30.833333333333332,0],[-18.5,-31,0],[-18.89102564102564,-22.004960317460316,0]],[[-18.5,30.833333333333332,0],[-19.01086956521739,-21.442975067385444,0],[-19.03665307560205,-21.429743547456088,0]],[[-18.5,30.833333333333332,0],[-18.89102564102564,-22.004960317460316,0],[-18.902681358583237,-21.95030305059773,0]],[[-18.89102564102564,-22.004960317460316,0],[-19.228260869565215,-22.263422818791945,0.5281040268456375],[-18.89102564102564,-21.86539895600298,0.38310961968680085]],[[-19.01086956521739,-21.442975067385444,0],[-18.5,30.833333333333332,0],[-18.902681358583237,-21.95030305059773,0]],[[-19.228260869565215,-22.455803571428568,0],[-19.228260869565215,-22.263422818791945,0.5281040268456375],[-19.182634997938823,-22.394807226182373,0]],[[-19.182634997938823,-22.394807226182373,0],[-18.5,-31,0],[-19.228260869565215,-22.455803571428568,0]],[[-19.01086956521739,-21.442975067385444,0],[-18.89102564102564,-21.86539895600298,0.38310961968680085],[-19.01086956521739,-21.369254147144485,0.2023711536026339]],[[-18.89102564102564,-22.004960317460316,0],[-18.5,-31,0],[-19.182634997938823,-22.394807226182373,0]],[[-18.5,30.833333333333332,0],[-19.03665307560205,-21.429743547456088,0],[-19.322887178182174,-21.282854618204503,0]],[[-18.89102564102564,-22.004960317460316,0],[-18.89102564102564,-21.86539895600298,0.38310961968680085],[-18.902681358583237,-21.95030305059773,0]],[[-19.5,-22.37065024657838,0.2337542250789605],[-19.5,-32.5,1.5],[-19.5,-22.263422818791945,0.5281040268456375]],[[-19.5,-32.5,0],[-19.5,-32.5,1.5],[-19.5,-22.37065024657838,0.2337542250789605]],[[-18.902681358583237,-21.95030305059773,0],[-18.89102564102564,-21.86539895600298,0.38310961968680085],[-19.01086956521739,-21.442975067385444,0]],[[-19.5,32.5,1.5],[-19.5,-21.50992907801418,0.25361702127659574],[-19.5,-21.86539895600298,0.38310961968680085]],[[-19.182634997938823,-22.394807226182373,0],[-19.228260869565215,-22.263422818791945,0.5281040268456375],[-18.89102564102564,-22.004960317460316,0]],[[-19.5,-22.140614823152944,0.48336682843428763],[-19.5,32.5,1.5],[-19.5,-21.86539895600298,0.38310961968680085]],[[-19.5,32.5,1.5],[-19.5,-22.263422818791945,0.5281040268456375],[-19.5,-32.5,1.5]],[[-19.5,32.5,1.5],[-19.5,-22.140614823152944,0.48336682843428763],[-19.5,-22.263422818791945,0.5281040268456375]],[[-19.5,-21.147651006711406,0.12164429530201341],[-19.5,32.5,1.5],[-19.5,32.5,0]],[[-18.89102564102564,-21.86539895600298,0.38310961968680085],[-19.5,-21.147651006711406,0.12164429530201341],[-19.01086956521739,-21.369254147144485,0.2023711536026339]],[[-19.5,-21.147651006711406,0.12164429530201341],[-19.5,32.5,0],[-19.5,-21.191964285714285,0]],[[-19.5,-22.455803571428568,0],[-19.5,-32.5,0],[-19.5,-22.37065024657838,0.2337542250789605]],[[-19.5,-21.86539895600298,0.38310961968680085],[-18.89102564102564,-21.86539895600298,0.38310961968680085],[-19.228260869565215,-22.263422818791945,0.5281040268456375]],[[-19.5,-21.50992907801418,0.25361702127659574],[-19.5,32.5,1.5],[-19.5,-21.147651006711406,0.12164429530201341]],[[-19.322887178182174,-21.282854618204503,0],[-19.5,-21.147651006711406,0.12164429530201341],[-19.5,-21.191964285714285,0]],[[-19.03665307560205,-21.429743547456088,0],[-19.01086956521739,-21.369254147144485,0.2023711536026339],[-19.322887178182174,-21.282854618204503,0]],[[-19.228260869565215,-22.263422818791945,0.5281040268456375],[-19.5,-22.37065024657838,0.2337542250789605],[-19.5,-22.263422818791945,0.5281040268456375]],[[-19.5,-22.455803571428568,0],[-19.5,-22.37065024657838,0.2337542250789605],[-19.34140742481203,-22.455803571428568,0]],[[-19.5,-22.37065024657838,0.2337542250789605],[-19.228260869565215,-22.263422818791945,0.5281040268456375],[-19.228260869565215,-22.455803571428568,0]],[[-19.5,-22.37065024657838,0.2337542250789605],[-19.228260869565215,-22.455803571428568,0],[-19.34140742481203,-22.455803571428568,0]]]}},"hash":"i8hj4fZk01LKPlEyZLpb/OcDF6r2lncTu3PlVl7Px3E="}],"hash":"JTPPRMkl5Q+leZmDBZ9sgch3JLD3v/DkajyKipq8YUI="}],"hash":"GAPuEcLrkMTkkSSiln5bTmDx+L/WqkIEPRojf0+Czdg="},{"type":"plan","tags":["color:#3c3c3c","user:Solar"],"matrix":[1,0,0,0,0,0.9395973154362416,0.3422818791946308,0,0,-0.3422818791946308,0.9395973154362416,0,19.5,30.53691275167785,11.124161073825503,1,"1","0","0","39/2","0","140/149","-51/149","4550/149","0","51/149","140/149","3315/298","1"],"plan":{"type":"Box","history":[{"corner1":[18.5,31,0]},{"corner2":[-18.5,-31,0]}]},"content":[{"type":"graph","tags":["color:#3c3c3c","user:Solar"],"graph":{"isClosed":true,"isEmpty":false,"isLazy":true,"provenance":"algorithm/cgal/fromSurfaceMeshToLazyGraph","serializedSurfaceMesh":"8\n-37/2 31 0\n-37/2 -31 0\n37/2 -31 0\n37/2 31 0\n-37/2 31 3/2\n-37/2 -31 3/2\n37/2 -31 3/2\n37/2 31 3/2\n\n12\n3 1 0 2\n3 3 2 0\n3 4 5 6\n3 6 7 4\n3 4 1 5\n3 1 4 0\n3 5 2 6\n3 2 5 1\n3 6 3 7\n3 3 6 2\n3 7 0 4\n3 0 7 3\n","hash":"pxzkSSJs3udTspfCDUvepIIakEX7ruEY91f0/Pakvws="},"matrix":[1,0,0,0,0,0.9395973154362416,0.3422818791946308,0,0,-0.3422818791946308,0.9395973154362416,0,19.5,30.53691275167785,11.124161073825503,1,"1","0","0","39/2","0","140/149","-51/149","4550/149","0","51/149","140/149","3315/298","1"],"hash":"VeZYIuPpn0q6Z6aGviLGyAeuY6IesAEo0rDCMFgICik=","cache":{"triangles":{"type":"triangles","tags":["color:#3c3c3c","user:Solar"],"matrix":[1,0,0,0,0,0.9395973154362416,0.3422818791946308,0,0,-0.3422818791946308,0.9395973154362416,0,19.5,30.53691275167785,11.124161073825503,1,"1","0","0","39/2","0","140/149","-51/149","4550/149","0","51/149","140/149","3315/298","1"],"triangles":[[[-18.5,-31,0],[-18.5,31,0],[18.5,-31,0]],[[18.5,31,0],[18.5,-31,0],[-18.5,31,0]],[[-18.5,31,1.5],[-18.5,-31,1.5],[18.5,-31,1.5]],[[18.5,-31,1.5],[18.5,31,1.5],[-18.5,31,1.5]],[[-18.5,31,1.5],[-18.5,-31,0],[-18.5,-31,1.5]],[[-18.5,-31,0],[-18.5,31,1.5],[-18.5,31,0]],[[-18.5,-31,1.5],[18.5,-31,0],[18.5,-31,1.5]],[[18.5,-31,0],[-18.5,-31,1.5],[-18.5,-31,0]],[[18.5,-31,1.5],[18.5,31,0],[18.5,31,1.5]],[[18.5,31,0],[18.5,-31,1.5],[18.5,-31,0]],[[18.5,31,1.5],[-18.5,31,0],[-18.5,31,1.5]],[[-18.5,31,0],[18.5,31,1.5],[18.5,31,0]]]},"boundingBox":[[0.9999999999999892,0.8959731543624015,0.5134228187919411],[38.00000000000002,59.66442953020137,23.144295302013433]]}}],"hash":"4Lxs/x8dosb2svfFmJ9D5vx+4vUTfQh0uU88d+F1s/Y="}],"hash":"J/PKj+fAnxet/nuuZToptFWcdQPECh6zcDQ5N8vQiMA="}],"hash":"yr7lVNoATXIGaR1UP6IJxMgCsas7akLyQY+OAwDZO+8="},{"type":"group","tags":[],"matrix":[1,0,0,0,0,0.9395973154362416,0.3422818791946308,0,0,-0.3422818791946308,0.9395973154362416,0,40,0,0,1,"1","0","0","40","0","140/149","-51/149","0","0","51/149","140/149","0","1"],"content":[{"type":"group","tags":[],"matrix":[1,0,0,0,0,0.9395973154362416,0.3422818791946308,0,0,-0.3422818791946308,0.9395973154362416,0,40,0,0,1,"1","0","0","40","0","140/149","-51/149","0","0","51/149","140/149","0","1"],"content":[{"type":"item","tags":["part:{\"BOMitemName\":\"Support Rail\",\"numberNeeded\":2,\"costUSD\":3.6,\"source\":\"www.example.com\",\"totalNeeded\":1,\"radius\":0.015384615384615385}"],"matrix":[1,0,0,0,0,0.9395973154362416,0.3422818791946308,0,0,-0.3422818791946308,0.9395973154362416,0,40,9.395973154362416,3.4228187919463084,1,"1","0","0","40","0","140/149","-51/149","1400/149","0","51/149","140/149","510/149","1"],"content":[{"type":"plan","tags":["color:#bababa"],"matrix":[0,0.3422818791946308,-0.9395973154362416,0,0,0.9395973154362416,0.3422818791946308,0,1,0,0,0,40,9.56711409395973,2.9530201342281877,1,"0","0","1","40","51/149","140/149","0","2851/298","-140/149","51/149","0","440/149","1"],"plan":{"type":"Box","history":[{"corner1":[0.5,0.5,0]},{"corner2":[-0.5,-0.5,0]}]},"content":[{"type":"graph","tags":["color:#bababa","color:#bababa"],"graph":{"isClosed":true,"isEmpty":false,"isLazy":true,"provenance":"algorithm/cgal/fromSurfaceMeshToLazyGraph","serializedSurfaceMesh":"21\n-1/2 1/2 0\n-1/2 -1/2 0\n1/2 -1/2 0\n1/2 1/2 0\n-1/2 -1/2 40\n1/2 -1/2 40\n-1/2 24671739680455560936266305676525315/50873336463238766931601896668921856 250542039560374722010336270054931215/6359167057904845866450237083615232\n-1/2 1/2 3218484441098706448561315839781076815/81703838958186787213998914369748992\n1587581214613556791347212500681850703/3261806452970299314428206678198452224 1/2 16092422205493532242806579198905384075/407725806621287414303525834774806528\n1/2 1/2 3224831546455878622693065736372584271/81703838958186787213998914369748992\n347903071214370667/1603281467343896576 -347903071214370667/1603281467343896576 40\n-1/2 22292818155483985/504403158265495552 40\n1/2 -807270233206161259/2522015791327477760 40\n-1/2 998798317359056685/2017612633061982208 2838422534378635685/72057594037927936\n-1/2 3470173632876546310/7759101678009048577 6298171406547168728893142010710000805/159743485375137560728218154242670592\n-1/2 22292818155483985/504403158265495552 5725445787144056655/144115188075855872\n-1/2 22292818155483985/504403158265495552 5786968289674936496327631271158771545/145384312038975173598853897218162688\n1/2 -1622296665770570894/38795508390045242885 6313080137246726684929330968559944869/159743485375137560728218154242670592\n1/2 1319054290860958689/10088063165309911040 2838422534378635685/72057594037927936\n1/2 -807270233206161259/2522015791327477760 5725445787144056655/144115188075855872\n1/2 -807270233206161259/2522015791327477760 5807991448151069357609638905119403865/145384312038975173598853897218162688\n\n38\n3 0 2 1\n3 2 0 3\n3 5 10 4\n3 14 6 4\n3 2 5 4\n3 4 1 2\n3 5 2 3\n3 0 8 3\n3 5 12 10\n3 10 16 11\n3 10 20 16\n3 10 11 4\n3 12 20 10\n3 8 9 3\n3 7 13 8\n3 8 0 7\n3 8 18 9\n3 1 13 0\n3 0 13 7\n3 1 6 13\n3 1 4 6\n3 14 18 6\n3 15 14 4\n3 6 18 13\n3 11 16 4\n3 16 20 19\n3 4 16 15\n3 15 16 19\n3 17 15 19\n3 20 12 5\n3 14 17 18\n3 17 14 15\n3 3 18 17\n3 3 9 18\n3 3 19 5\n3 3 17 19\n3 19 20 5\n3 18 8 13\n","hash":"+8w4DFk4Vqa0og7xw8WNO5PETwxXlag8wnz2ACvgHx8="},"matrix":[0,0.3422818791946308,-0.9395973154362416,0,0,0.9395973154362416,0.3422818791946308,0,1,0,0,0,40,9.56711409395973,2.9530201342281877,1,"0","0","1","40","51/149","140/149","0","2851/298","-140/149","51/149","0","440/149","1"],"provenance":"geometry/graph/cut","cache":{"boundingBox":[[39.99999999999999,8.926174496644292,2.3120805369127506],[80.00000000000003,10.20805369127517,3.593959731543625]],"triangles":{"type":"triangles","tags":["color:#bababa","color:#bababa"],"matrix":[0,0.3422818791946308,-0.9395973154362416,0,0,0.9395973154362416,0.3422818791946308,0,1,0,0,0,40,9.56711409395973,2.9530201342281877,1,"0","0","1","40","51/149","140/149","0","2851/298","-140/149","51/149","0","440/149","1"],"triangles":[[[-0.5,0.5,0],[0.5,-0.5,0],[-0.5,-0.5,0]],[[0.5,-0.5,0],[-0.5,0.5,0],[0.5,0.5,0]],[[0.5,-0.5,40],[0.21699438202247182,-0.21699438202247182,40],[-0.5,-0.5,40]],[[-0.5,0.44723909762798436,39.426780952955305],[-0.5,0.4849640577099447,39.398562308397786],[-0.5,-0.5,40]],[[0.5,-0.5,0],[0.5,-0.5,40],[-0.5,-0.5,40]],[[-0.5,-0.5,40],[-0.5,-0.5,0],[0.5,-0.5,0]],[[0.5,-0.5,40],[0.5,-0.5,0],[0.5,0.5,0]],[[-0.5,0.5,0],[0.48671839899263714,0.5,39.468735959705484],[0.5,0.5,0]],[[0.5,-0.5,40],[0.5,-0.32008928571428563,40],[0.21699438202247182,-0.21699438202247182,40]],[[0.21699438202247182,-0.21699438202247182,40],[-0.5,0.04419642857142863,39.8046268439441],[-0.5,0.04419642857142863,40]],[[0.21699438202247182,-0.21699438202247182,40],[0.5,-0.32008928571428563,39.94923088121118],[-0.5,0.04419642857142863,39.8046268439441]],[[0.21699438202247182,-0.21699438202247182,40],[-0.5,0.04419642857142863,40],[-0.5,-0.5,40]],[[0.5,-0.32008928571428563,40],[0.5,-0.32008928571428563,39.94923088121118],[0.21699438202247182,-0.21699438202247182,40]],[[0.48671839899263714,0.5,39.468735959705484],[0.5,0.5,39.469767731553425],[0.5,0.5,0]],[[-0.5,0.5,39.392083433751694],[-0.5,0.4950396825396825,39.391025641025635],[0.48671839899263714,0.5,39.468735959705484]],[[0.48671839899263714,0.5,39.468735959705484],[-0.5,0.5,0],[-0.5,0.5,39.392083433751694]],[[0.48671839899263714,0.5,39.468735959705484],[0.5,0.13075396825396826,39.391025641025635],[0.5,0.5,39.469767731553425]],[[-0.5,-0.5,0],[-0.5,0.4950396825396825,39.391025641025635],[-0.5,0.5,0]],[[-0.5,0.5,0],[-0.5,0.4950396825396825,39.391025641025635],[-0.5,0.5,39.392083433751694]],[[-0.5,-0.5,0],[-0.5,0.4849640577099447,39.398562308397786],[-0.5,0.4950396825396825,39.391025641025635]],[[-0.5,-0.5,0],[-0.5,-0.5,40],[-0.5,0.4849640577099447,39.398562308397786]],[[-0.5,0.44723909762798436,39.426780952955305],[0.5,0.13075396825396826,39.391025641025635],[-0.5,0.4849640577099447,39.398562308397786]],[[-0.5,0.04419642857142863,39.72826086956521],[-0.5,0.44723909762798436,39.426780952955305],[-0.5,-0.5,40]],[[-0.5,0.4849640577099447,39.398562308397786],[0.5,0.13075396825396826,39.391025641025635],[-0.5,0.4950396825396825,39.391025641025635]],[[-0.5,0.04419642857142863,40],[-0.5,0.04419642857142863,39.8046268439441],[-0.5,-0.5,40]],[[-0.5,0.04419642857142863,39.8046268439441],[0.5,-0.32008928571428563,39.94923088121118],[0.5,-0.32008928571428563,39.72826086956521]],[[-0.5,-0.5,40],[-0.5,0.04419642857142863,39.8046268439441],[-0.5,0.04419642857142863,39.72826086956521]],[[-0.5,0.04419642857142863,39.72826086956521],[-0.5,0.04419642857142863,39.8046268439441],[0.5,-0.32008928571428563,39.72826086956521]],[[0.5,-0.04181661055862964,39.52011014672209],[-0.5,0.04419642857142863,39.72826086956521],[0.5,-0.32008928571428563,39.72826086956521]],[[0.5,-0.32008928571428563,39.94923088121118],[0.5,-0.32008928571428563,40],[0.5,-0.5,40]],[[-0.5,0.44723909762798436,39.426780952955305],[0.5,-0.04181661055862964,39.52011014672209],[0.5,0.13075396825396826,39.391025641025635]],[[0.5,-0.04181661055862964,39.52011014672209],[-0.5,0.44723909762798436,39.426780952955305],[-0.5,0.04419642857142863,39.72826086956521]],[[0.5,0.5,0],[0.5,0.13075396825396826,39.391025641025635],[0.5,-0.04181661055862964,39.52011014672209]],[[0.5,0.5,0],[0.5,0.5,39.469767731553425],[0.5,0.13075396825396826,39.391025641025635]],[[0.5,0.5,0],[0.5,-0.32008928571428563,39.72826086956521],[0.5,-0.5,40]],[[0.5,0.5,0],[0.5,-0.04181661055862964,39.52011014672209],[0.5,-0.32008928571428563,39.72826086956521]],[[0.5,-0.32008928571428563,39.72826086956521],[0.5,-0.32008928571428563,39.94923088121118],[0.5,-0.5,40]],[[0.5,0.13075396825396826,39.391025641025635],[0.48671839899263714,0.5,39.468735959705484],[-0.5,0.4950396825396825,39.391025641025635]]]}},"hash":"aXXmFWLIRQeRaxI8gK6+EYP8t6U4K+HyxVCyrRxoTFs="}],"hash":"j5DEV/YyuD1qOXG4zZcugs1EUl8SteSVVzKuPoH6X78="}],"hash":"jYJH0AUfT/OFy1t4v4g84596BSwON4wJBgv+eU83L/c="},{"type":"item","tags":["part:{\"BOMitemName\":\"Support Rail\",\"numberNeeded\":2,\"costUSD\":3.6,\"source\":\"www.example.com\",\"totalNeeded\":1,\"radius\":0.015384615384615385}"],"matrix":[1,0,0,0,0,0.9395973154362416,0.3422818791946308,0,0,-0.3422818791946308,0.9395973154362416,0,40,54.49664429530201,19.85234899328859,1,"1","0","0","40","0","140/149","-51/149","8120/149","0","51/149","140/149","2958/149","1"],"content":[{"type":"plan","tags":["color:#bababa"],"matrix":[0,0.3422818791946308,-0.9395973154362416,0,0,0.9395973154362416,0.3422818791946308,0,1,0,0,0,40,54.66778523489933,19.382550335570468,1,"0","0","1","40","51/149","140/149","0","16291/298","-140/149","51/149","0","2888/149","1"],"plan":{"type":"Box","history":[{"corner1":[0.5,0.5,0]},{"corner2":[-0.5,-0.5,0]}]},"content":[{"type":"graph","tags":["color:#bababa","color:#bababa"],"graph":{"isClosed":true,"isEmpty":false,"isLazy":true,"provenance":"algorithm/cgal/fromSurfaceMeshToLazyGraph","serializedSurfaceMesh":"22\n-1/2 1/2 0\n-1/2 -1/2 0\n1/2 -1/2 0\n1/2 1/2 0\n-1/2 1/2 40\n-1/2 -1/2 40\n141/298 27/149 157/4\n1/2 1/2 40\n1/2 -14593969514440769633/29640276181698897840 29414107605290218553/741006904542472446\n1/2 -1/2 31197972433302336873/785603525242775404\n57/191 -57/191 40\n9/40 -1/2 40\n1/2 13/51 40\n9/40 -1/2 2105817279422433903/52725068808239960\n9/40 -1/2 1599/40\n1/2 13/51 25527171595189423463/649836473061557388\n1/2 2120316673344699619/12447619838371999453 1954297404651927210105/49790479353487997812\n1/2 6/35 157/4\n1/2 -991560825274962543/2522015791327477760 711019521657785869/18014398509481984\n1/2 13/51 8023/204\n1/2 -4974939773737490702/12542854493906882851 1980637091526230281353/50171417975627531404\n782637740122311831/2684145377912815616 -212877465313268793/671036344478203904 711019521657785869/18014398509481984\n\